0.650159
1.32354
1.98531
2.64707
3.33206
4.00544
4.64399
5.25932
5.89787
6.50159
7.14014
7.75546
8.3824
8.99773
9.63628
10.2516
10.8902
11.5171
12.144
12.7478
13.3747
13.99
14.6054
15.2207
15.836
16.4513
17.0667
17.6936
18.3089
18.9243
19.5512
20.1549
20.747
21.3507
21.9661
22.5698
23.1967
23.8005
24.4274
25.0311
25.6348
26.2502
26.8655
27.4692
28.0729
28.6999
29.3036
29.9073
30.511
31.1147
31.7301
32.3454
32.9491
33.5644
34.1798
34.7835
35.3872
36.0025
36.6179
37.2216
37.8485
38.4639
39.0792
39.6829
40.2866
40.9136
41.5289
42.1442
42.7479
43.3633
43.9786
44.5823
45.186
45.8014
46.4167
47.0204
47.6241
48.2395
48.8548
49.4585
50.0622
50.6659
51.2697
51.8734
52.4887
53.0924
53.7078
54.3115
54.9268
55.5305
56.1459
56.7496
57.3649
57.9802
58.5723
59.1644
59.7682
60.3719
60.964
61.5561
62.1714
62.7751
63.3673
63.9826
64.5979
65.2132
65.8286
66.4323
67.036
67.6397
68.2434
68.8472
69.4277
70.0198
70.6351
71.2388
71.8658
72.4927
73.0964
73.7001
74.3155
74.9308
75.5461
76.1498
76.742
77.3457
77.9494
78.5531
79.1568
79.7605
80.3643
80.968
81.5717
82.1754
82.7791
83.3829
83.9866
84.5903
85.1824
85.7861
86.4015
87.0052
87.5973
88.1894
88.7931
89.3968
90.0005
90.6043
91.2196
91.8349
92.4386
93.0424
93.6577
94.2614
94.8651
95.4572
96.0842
96.6879
97.3032
97.8953
98.5223
99.1144
99.7297
100.345
100.96
101.576
102.179
102.772
103.387
104.002
104.606
105.21
105.837
106.44
107.044
107.648
108.251
108.855
109.47
110.063
110.678
111.27
111.874
112.477
113.081
113.685
114.289
114.892
115.496
116.1
116.703
117.307
117.911
118.503
119.118
119.722
120.326
120.93
121.533
122.137
122.741
123.344
123.948
124.552
125.156
125.759
126.375
126.967
127.547
128.139
128.755
129.347
129.962
130.566
131.17
131.773
132.377
132.992
133.584
134.188
134.78
135.372
135.976
136.568
137.16
137.764
138.368
138.971
139.575
140.179
140.783
141.375
141.967
142.571
143.174
143.778
144.382
144.985
145.589
146.181
146.773
147.377
147.981
148.573
149.177
149.769
150.361
150.953
151.557
152.16
152.764
153.356
153.948
154.54
155.133
155.701
156.294
156.897
157.478
158.07
158.662
159.242
159.846
160.473
161.077
161.669
162.261
162.865
163.468
164.049
164.641
165.233
165.814
166.406
167.01
167.613
168.229
168.832
169.424
170.017
170.62
171.224
171.828
172.408
173.012
173.616
174.219
174.811
175.404
175.996
176.588
177.191
177.795
178.411
179.003
179.606
180.21
180.802
181.394
181.986
182.602
183.205
183.786
184.378
184.97
185.562
186.178
186.781
187.408
188.012
188.616
189.208
189.812
190.404
191.007
191.611
192.215
192.83
193.445
194.049
194.641
195.233
195.837
196.429
197.045
197.648
198.24
198.832
199.436
200.028
200.62
201.213
201.805
202.408
203
203.593
204.185
204.777
205.38
205.973
206.565
207.168
207.772
208.376
208.98
209.583
210.187
210.802
211.394
211.998
212.602
213.194
213.798
214.39
214.994
215.586
216.178
216.781
217.385
217.966
218.546
219.15
219.742
220.334
220.938
221.542
222.145
222.749
223.33
223.933
224.537
225.117
225.71
226.302
226.882
227.486
228.066
228.647
229.251
229.831
230.435
231.039
231.631
232.223
232.815
233.407
233.999
234.603
235.195
235.787
236.391
236.983
237.587
238.19
238.771
239.375
239.978
240.559
241.139
241.72
242.323
242.904
243.508
244.111
244.703
245.296
245.899
246.48
247.06
247.641
248.245
248.825
249.429
250.021
250.613
251.193
251.774
252.366
252.958
253.55
254.142
254.746
255.35
255.942
256.534
257.138
257.73
258.334
258.926
259.506
260.11
260.69
261.271
261.875
262.455
263.047
263.639
264.22
264.8
265.381
265.973
266.565
267.169
267.749
268.33
268.934
269.514
270.095
270.675
271.255
271.848
272.451
273.067
273.659
274.251
274.831
275.435
276.027
276.608
277.2
277.78
278.384
278.988
279.58
280.172
280.776
281.379
281.983
282.575
283.167
283.771
284.352
284.944
285.524
286.116
286.708
287.289
287.858
288.461
289.054
289.646
290.226
290.83
291.41
292.003
292.595
293.175
293.779
294.359
294.951
295.532
296.112
296.705
297.285
297.866
298.458
299.05
299.63
300.211
300.803
301.395
301.987
302.568
303.16
303.752
304.344
304.936
305.517
306.109
306.701
307.293
307.873
308.442
309.023
309.615
310.195
310.776
311.356
311.948
312.541
313.121
313.702
314.282
314.874
315.466
316.047
316.627
317.208
317.788
318.369
318.949
319.541
320.134
320.714
321.306
321.887
322.456
323.036
323.617
324.209
324.801
325.381
325.962
326.542
327.123
327.703
328.284
328.876
329.468
330.048
330.629
331.198
331.79
332.37
332.974
333.555
334.135
334.716
335.296
335.877
336.457
337.038
337.618
338.187
338.779
339.36
339.94
340.521
341.101
341.682
342.274
342.866
343.458
344.038
344.631
345.211
345.792
346.384
346.976
347.568
348.16
348.74
349.309
349.878
350.447
351.039
351.631
352.223
352.804
353.396
353.977
354.569
355.149
355.73
356.322
356.902
357.483
358.075
358.655
359.224
359.816
360.397
360.977
361.57
362.162
362.765
363.346
363.915
364.507
365.087
365.668
366.248
366.852
367.433
368.013
368.617
369.197
369.778
370.358
370.95
371.542
372.146
372.727
373.307
373.911
374.561
375.188
375.815
376.395
376.988
377.475
377.974
378.485
378.984
379.484
379.995
380.494
