0.487619
0.952018
1.41642
1.86921
2.33361
2.798
3.25079
3.71519
4.17959
4.64399
5.10839
5.57279
6.02558
6.48998
6.95438
7.41878
7.87156
8.32435
8.78875
9.25315
9.71755
10.1819
10.6463
11.1107
11.5868
12.0395
12.5156
12.9683
13.4095
13.8623
14.3383
14.8027
15.2555
15.7199
16.1843
16.6487
17.1131
17.5775
18.0419
18.4947
18.9591
19.4119
19.8763
20.3407
20.7935
21.2695
21.7223
22.1867
22.6395
23.0922
23.5566
24.0327
24.4971
24.9615
25.4142
25.867
26.3314
26.7842
27.2486
27.713
28.1774
28.6186
29.0946
29.5706
30.0234
30.4878
30.9522
31.405
31.8694
32.3338
32.7866
33.251
33.7154
34.1682
34.6326
35.097
35.5614
36.0258
36.4902
36.9429
37.4073
37.8717
38.3245
38.7889
39.2533
39.7177
40.1821
40.6349
41.0993
41.5637
42.0165
42.4693
42.9453
43.4329
43.9322
44.4314
44.8377
45.2673
45.7085
46.1729
46.6373
47.1017
47.5545
48.0073
48.4833
48.9477
49.4121
49.8532
50.2712
50.724
51.1768
51.6644
52.1172
52.5584
52.9995
53.4639
53.9283
54.3927
54.8571
55.3332
55.7976
56.2619
56.7263
57.2024
57.6784
58.1428
58.642
59.1064
59.5592
60.0236
60.4764
60.9292
61.4052
61.858
62.3224
62.7868
63.2512
63.7039
64.1683
64.6327
65.0855
65.5499
66.0143
66.4671
66.9315
67.3959
67.8603
68.3131
68.7775
69.2419
69.7063
70.1591
70.6351
71.0995
71.5523
71.9935
72.4811
72.9339
73.3867
73.8627
74.3155
74.7799
75.2443
75.7087
76.1731
76.6375
77.0902
77.543
78.0074
78.4718
78.9362
79.389
79.8534
80.3178
80.7822
81.2466
81.6994
82.1638
82.6282
83.081
83.5454
84.0098
84.4742
84.927
85.3914
85.8558
86.3086
86.7614
87.2258
87.7134
88.1778
88.6306
89.0834
89.5478
90.0122
90.4649
90.9177
91.3821
91.8465
92.2877
92.7521
93.2049
93.6577
94.1337
94.5865
95.0393
95.5153
96.0029
96.4557
96.9085
97.3845
97.8373
98.3017
98.7661
99.2073
99.6833
100.148
100.6
101.065
101.529
101.994
102.458
102.922
103.387
103.851
104.304
104.768
105.233
105.697
106.15
106.614
107.079
107.543
107.996
108.46
108.925
109.378
109.842
110.306
110.759
111.224
111.688
112.152
112.605
113.07
113.534
113.987
114.451
114.916
115.38
115.856
116.309
116.762
117.214
117.679
118.155
118.619
119.072
119.525
119.978
120.454
120.918
121.382
121.835
122.299
122.764
123.217
123.681
124.145
124.61
125.074
125.539
126.003
126.467
126.92
127.385
127.837
128.302
128.766
129.231
129.695
130.148
130.612
131.065
131.518
131.982
132.458
132.923
133.387
133.84
134.304
134.757
135.221
135.686
136.15
136.603
137.067
137.52
137.996
138.461
138.913
139.378
139.842
140.307
140.759
141.224
141.688
142.141
142.605
143.07
143.534
143.999
144.451
144.904
145.369
145.821
146.286
146.727
147.191
147.679
148.143
148.608
149.072
149.525
149.989
150.454
150.918
151.371
151.847
152.311
152.764
153.228
153.681
154.134
154.598
155.063
155.527
155.992
156.444
156.909
157.373
157.838
158.302
158.755
159.219
159.684
160.136
160.589
161.065
161.53
161.994
162.447
162.911
163.376
163.828
164.293
164.757
165.222
165.674
166.139
166.603
167.068
167.52
167.985
168.449
168.914
169.366
169.842
170.307
170.76
171.224
171.688
172.153
172.606
173.07
173.523
173.987
174.452
174.916
175.38
175.833
176.309
176.762
177.215
177.679
178.143
178.608
179.061
179.525
179.989
180.454
180.907
181.371
181.847
182.3
182.764
183.229
183.681
184.146
184.61
185.075
185.551
186.015
186.479
186.921
187.397
187.861
188.325
188.79
189.254
189.707
190.183
190.659
191.112
191.576
192.041
192.505
192.969
193.434
193.91
194.374
194.839
195.303
195.767
196.232
196.696
197.161
197.625
198.101
198.565
199.03
199.494
199.97
200.423
200.887
201.363
201.828
202.292
202.768
203.233
203.697
204.173
204.637
205.102
205.578
206.042
206.507
207.018
207.517
208.016
208.504
208.98
209.467
209.966
210.454
